10003492
10003530
10003678
10003824
10003799
10003800
10003540
10003487
10003544
10003543
10000542
10003486
10003801
10003532
10003533
10003488
10003528
10003458
10003464
10003534
10003485
10005707
10003465
10003500
10003482
10003576
10003508
10005252
10003535
10003618
10007029
10006777
10005869
10003827
10005599
10002188
10003490
10003505
10003207
10003183
10005645
10003499
10003470
10005102
10003676
10003677
10003536
10007931
10003578
10005672
10005656
10003620
10003674
10003546
10005213
10003502
10003629
10007032
10003669
10003468
10002033
10003402
10005100
10003742
10003347
10003884
10003737
10005718
10005715
10003195
10003194
10005124
10003616
10003644
10003359
10003555
10003662
10003631
10003608
10005223
10003738
10000546
10003659
10003355
10003870
10005642
10001422
10003666
10003654
10000548
10003353
10003672
10003747
10002031
10002028
10003653
10003655
10003338
10003660
10003601
10003665
10003351
10007975
10007028
10003645
10007027
10002171
10003190
10003463
10003481
10003099
10003826
10007001
10007030
10003156
10003542
10003750
10003206
10006845
10003796
10003375
10002032
10003254
10003615
10003797
10003455
10003656
10003927
10003476
10007629
10008046
10003163
10003789
10003823
10003385
10003573